950
858 973
836 808
643 588
523 888
318 636
54 283
853 505
50 997
647 276
340 850
986 832
902 306
780 988
35 138
304 152
369 543
838 746
299 598
914 864
672 840
436 645
634 212
41 47
135 895
662 183
236 154
503 156
434 217
539 19
433 727
233 453
221 349
475 505
409 961
612 765
93 64
229 985
785 881
970 299
883 671
725 781
910 136
423 688
695 849
57 995
800 160
846 51
130 585
4 229
280 840
639 423
215 869
760 950
157 785
793 526
410 820
247 741
333 393
98 393
920 484
627 184
288 875
109 193
385 727
835 158
540 270
50 661
739 349
300 750
331 102
846 538
537 179
607 660
652 815
529 666
265 189
549 183
448 192
375 697
332 777
572 286
324 162
61 886
772 108
665 285
433 584
589 649
616 462
880 440
378 567
196 893
181 387
612 569
181 480
27 68
837 975
251 966
763 952
516 786
351 68
894 718
217 206
397 60
251 833
446 669
76 858
37 708
757 602
87 996
496 886
813 782
774 905
401 444
264 792
636 819
238 476
528 704
375 750
179 654
887 770
704 880
168 295
379 212
46 381
335 142
940 705
189 23
189 638
249 751
557 287
313 549
372 180
427 854
336 358
839 760
285 697
983 178
15 707
731 368
464 696
631 709
428 874
687 458
293 939
521 124
451 85
330 998
376 752
187 368
786 393
472 708
649 239
867 438
338 353
724 362
930 389
845 252
19 354
32 167
601 255
361 890
975 749
30 923
37 553
272 129
631 580
588 105
569 768
625 359
630 611
582 159
706 158
798 331
336 672
230 879
202 589
616 863
316 665
877 718
216 864
684 381
631 339
662 563
314 628
612 94
743 484
829 947
171 684
648 437
774 456
360 720
618 197
909 580
493 389
347 493
666 152
816 904
366 263
860 688
693 563
770 999
980 224
979 714
518 711
216 650
427 952
913 807
239 521
37 219
656 408
468 400
960 480
799 587
492 893
477 149
544 828
570 380
137 309
352 176
718 407
639 426
596 958
57 789
856 317
823 239
11 922
124 425
951 721
291 908
711 116
285 282
796 995
600 569
908 714
498 996
938 457
156 236
549 697
566 283
952 496
353 383
503 9
229 541
14 942
503 975
194 776
337 428
16 621
393 251
941 456
340 342
207 557
5 301
72 255
994 834
73 402
896 374
404 623
66 95
324 486
789 335
672 168
241 447
884 366
526 465
56 582
901 954
905 181
749 503
370 264
984 164
208 925
383 540
440 660
345 429
3 139
364 718
540 612
185 924
480 723
611 87
984 164
602 584
128 859
185 577
133 773
217 593
342 513
431 427
474 933
874 803
695 675
412 709
832 160
748 935
379 178
896 224
833 738
641 501
311 622
732 946
488 825
827 440
561 688
411 161
381 546
198 482
331 662
546 910
712 348
830 996
954 540
518 476
940 564
842 674
564 634
760 152
186 14
370 287
572 23
518 355
622 500
622 395
138 239
666 888
460 720
509 549
484 968
892 976
870 957
50 603
989 296
914 457
125 28
439 617
30 835
844 451
567 898
378 418
658 329
668 501
442 947
464 224
491 466
322 98
522 870
687 649
765 687
582 291
874 382
455 910
923 61
331 233
894 907
874 478
800 960
273 772
651 954
427 941
267 360
414 828
453 125
248 236
870 744
107 824
484 726
212 715
542 595
347 694
418 450
369 466
482 769
783 982
805 741
450 750
998 309
341 56
214 428
774 258
171 684
666 243
165 991
160 960
881 119
539 87
595 980
172 693
27 624
642 694
82 535
930 209
680 340
307 369
337 141
254 954
160 453
554 831
300 588
126 404
487 592
905 939
678 768
513 342
200 808
634 719
610 989
416 388
993 749
321 726
914 994
418 59
963 642
457 469
904 973
235 796
930 563
402 1000
339 616
964 241
376 890
396 294
477 622
953 884
471 314
51 846
862 709
367 118
970 60
620 278
803 634
911 728
519 882
71 709
322 439
426 639
594 439
932 8
891 293
25 680
719 21
186 324
374 187
721 153
665 566
670 49
942 619
166 497
442 635
12 712
122 508
465 930
20 148
432 332
672 448
48 738
288 576
717 727
735 213
511 420
952 238
730 297
684 410
797 268
310 86
553 486
29 325
566 105
843 281
945 761
488 106
887 542
295 885
459 765
932 87
189 668
460 230
6 120
689 328
362 782
728 308
833 875
225 825
912 760
517 331
724 349
99 334
699 134
531 327
797 76
298 516
548 707
328 984
440 990
384 112
152 993
490 45
17 915
933 806
465 413
71 595
105 859
449 453
103 358
291 121
270 452
979 815
952 795
876 292
123 667
326 297
816 418
582 726
891 907
909 303
971 776
492 738
9 38
652 328
812 947
79 917
496 744
739 661
460 152
985 788
65 699
442 260
528 668
889 413
777 259
495 330
716 577
392 119
847 400
212 34
678 576
234 702
446 669
398 421
454 527
981 654
46 785
968 242
253 957
634 831
954 527
241 305
57 377
340 827
860 172
265 408
800 792
968 286
362 724
243 310
969 300
740 241
629 952
157 628
103 347
498 996
767 676
188 752
226 265
390 458
606 436
304 760
853 537
765 639
305 277
721 512
667 34
233 466
606 83
458 229
149 286
720 359
532 913
306 270
893 831
629 714
197 921
859 491
346 173
273 803
443 853
105 22
353 335
677 313
669 446
200 600
650 707
534 801
703 283
91 5
194 970
426 290
412 274
163 805
846 481
807 269
237 630
927 309
270 936
326 689
841 871
578 289
868 434
758 379
888 690
526 375
611 547
256 264
95 371
741 988
820 656
546 427
969 323
250 60
654 436
181 864
728 324
655 379
473 699
969 953
539 479
657 872
571 570
676 338
915 549
593 150
962 416
474 711
683 770
35 217
193 116
498 695
711 142
534 587
609 516
833 576
821 650
320 480
83 714
725 604
385 372
387 774
586 51
672 572
365 367
163 945
838 65
172 358
962 543
28 458
40 936
950 916
924 527
618 309
86 396
27 392
606 61
938 751
275 288
359 424
970 667
801 534
329 955
141 625
549 55
920 934
984 246
684 342
220 714
445 362
313 965
189 756
459 668
12 450
924 173
882 512
504 471
499 168
980 179
764 573
792 594
728 546
313 303
876 292
139 457
841 76
153 692
932 799
200 352
206 26
18 718
986 716
613 247
776 333
179 239
264 828
779 775
495 734
990 425
486 643
843 656
257 214
384 884
141 485
291 121
421 310
133 66
986 510
156 780
548 274
440 186
225 61
913 34
638 901
979 774
376 866
37 752
276 636
153 306
323 969
702 322
600 300
924 466
501 148
307 671
594 709
669 522
2 112
984 820
682 783
399 423
996 586
991 914
38 493
74 950
343 379
585 390
997 329
628 157
565 45
489 461
387 736
705 871
722 367
223 892
274 345
524 982
119 198
52 891
630 840
224 896
434 959
909 420
691 701
142 915
660 72
687 670
224 961
576 478
351 129
468 936
799 231
844 439
26 904
353 706
371 903
215 863
471 785
888 140
853 826
890 712
413 148
818 937
504 498
647 90
260 173
706 353
785 221
636 643
890 712
651 796
206 412
625 186
490 546
744 372
950 964
858 675
843 832
917 593
706 314
666 908
436 872
576 864
476 981
360 540
221 245
404 162
736 552
492 820
503 27
615 76
370 383
893 368
48 644
155 637
892 70
165 825
951 413
913 664
454 681
792 883
812 818
923 446
543 181
687 458
162 735
253 586
576 384
108 620
861 6
310 214
559 573
239 810
100 877
243 166
243 972
83 732
740 925
790 316
692 722
571 380
690 920
765 255
904 98
503 500
934 204
706 894
328 673
85 438
776 375
450 997
596 298
817 413
196 629
768 512
919 353
156 322
457 598
516 97
681 536
132 996
505 4
878 416
288 995
592 491
70 187
964 648
16 587
605 104
412 54
805 966
935 71
805 669
837 279
229 342
585 447
884 65
400 171
948 867
582 743
504 554
801 835
136 432
462 633
477 74
324 753
467 503
258 115
186 655
492 353
301 903
552 443
919 831
139 201
356 154
393 786
371 40
35 775
180 467
25 613
977 123
984 784
903 115
3 113
98 826
784 314
471 249
840 168
886 447
561 649
291 968
439 497
209 191
736 184
220 407
726 558
216 325
621 83
315 945
797 605
972 241
846 564
204 397
602 934
282 693
77 100
635 737
989 830
644 916
175 648
176 528
401 93
945 378
153 894
356 712
576 864
161 495
747 996
987 646
819 473
862 575
339 844
788 394
706 148
602 903
598 50
944 708
5 593
406 377
511 548
987 800
234 452
450 367
810 748
933 311
994 355
