950
54298
83038
42863
50242
81220
29700
81280
33207
51591
17861
7847
8970
56718
66839
43640
46019
56458
19094
68633
38377
65063
31370
23679
73938
19488
96941
98014
77298
28475
98480
64173
80804
76790
96699
35029
56631
971
9890
61166
37465
89957
30200
97989
51197
65521
71982
14553
18559
76980
89949
97610
10724
3717
93109
42195
43730
66849
78239
22318
4189
69587
95085
57724
71501
56852
93560
61396
66780
6253
28802
7622
89667
76352
7274
85699
8053
40821
75569
2020
94235
26496
26256
32335
8178
65232
11188
62107
67053
68173
97464
29565
85294
33911
64685
64713
89772
37240
70290
12442
70235
15280
71275
18570
44074
82581
93934
87761
62846
96187
2177
3304
58731
19022
78762
49205
16423
32892
88007
12005
27230
5316
8273
39047
99152
82827
77597
62883
49918
33890
50746
39993
56643
34305
18466
29394
92058
60361
9294
4091
75788
88826
59977
70649
24929
53169
39662
38098
49242
48746
52477
3078
89559
60210
7247
24429
31689
2354
82062
12605
26273
91459
48037
32279
52330
50540
26069
36269
36418
82634
34339
97127
61866
732
98186
18304
63493
86022
92639
17617
57222
28601
234
55502
94555
42461
50484
37349
92865
73986
39687
55625
71037
53124
63297
87406
8058
52366
94729
20044
68519
15423
74434
86149
81629
30199
9261
22797
46751
43607
40603
59300
60491
63965
60449
15980
20982
49873
37489
34423
19919
73705
62924
7796
51532
42093
53963
91151
28623
88322
77475
60663
2483
31132
2640
95193
3035
94823
23147
13230
50734
44787
90713
14325
20770
72975
26018
67072
57898
26223
2699
5851
4774
69952
5604
60062
18361
24873
71371
38623
72536
11164
79173
79204
51903
44774
54485
41007
27391
74849
22262
81464
1919
71497
3739
80255
24119
78617
81433
18652
55686
82068
21310
96058
31999
35743
32101
55468
36156
76989
63249
5121
43492
93737
37955
19924
59755
65803
39886
13533
93938
21485
97156
47850
85141
91757
29928
54119
74449
53766
79535
53591
79057
30830
81210
32855
31869
13036
12546
19663
86456
11427
30215
75606
90115
12202
93915
41460
77059
68915
2460
83695
59380
38861
29454
67615
29484
48382
26734
15807
20550
63587
3753
92858
83760
91268
34442
51971
32121
76013
15818
71668
46333
69303
15874
36308
16556
30533
59746
40350
44706
5889
44478
18602
34221
44965
16157
39999
28845
31404
69472
21742
61699
93132
70829
22513
50914
98815
36778
61802
19899
34642
46997
8139
24567
14355
3496
12765
23349
22597
20008
68159
93363
54955
17436
63177
60565
18475
76375
66242
45073
50828
63750
40019
84746
15312
11902
24474
55162
96164
27136
17252
31751
63748
10820
79390
47451
53810
73296
15017
71352
16389
95442
75958
16121
70850
84629
25046
51762
78211
88549
84475
54289
62829
89112
89874
17053
13277
36119
26370
82351
60035
1982
17706
27327
62057
76104
18132
64866
9802
72399
55282
57650
39561
29546
19637
79175
45930
26546
88047
51218
3130
27838
48756
99760
32905
56295
6236
95459
25892
86426
6577
61465
24285
1262
68198
69672
50412
11514
59604
21104
27964
44142
58830
90013
94512
4455
64396
83127
3349
82669
77578
35475
38169
77489
74118
25173
34122
22539
45941
67386
12590
51698
8080
8183
43844
82346
5086
83744
63994
58144
47240
37959
40283
91436
29545
64679
84759
52490
76531
17708
64042
94902
91939
19780
8530
87040
91222
97059
48157
31621
89250
77170
28139
54145
10707
94829
48892
21228
90626
51111
74071
67405
18578
92455
14498
32448
89067
19301
95540
13366
27057
91223
25942
6953
99678
43563
52792
30665
30232
39134
82110
36266
21927
64315
56186
32671
73926
96775
23757
79579
40664
22279
33970
47074
68106
29672
61748
51593
74935
77373
6135
23405
84030
69839
35108
79745
9537
83096
89353
9843
79533
48996
84396
92141
97883
64041
579
85604
16032
40003
83655
47749
26218
41594
28275
24380
42191
10397
94217
44185
47326
38410
52189
40195
44750
13392
41784
21506
44776
58074
98043
65174
8926
89709
16898
47763
97658
73304
59129
62587
99970
97723
66922
14312
35208
62424
39232
36712
23830
81953
62017
96103
97140
83645
94341
93371
48417
41640
35724
87541
216
8325
74716
66272
74000
73067
3085
80100
7447
99981
11448
29918
60571
8655
97410
52124
48041
51865
21023
82258
12759
79386
72775
1518
87936
65383
56432
59394
3628
72668
79138
2124
14308
2203
15593
57154
16339
16209
59664
72973
61898
75141
9351
52495
92072
36416
59565
81442
22005
90970
15039
66087
72287
44555
91682
5495
15331
54675
60017
76195
1286
1391
71568
93422
58815
49649
3694
72070
16038
78528
68212
74505
25437
48697
68592
20125
64639
68506
95054
66449
79022
88539
42447
18565
92227
72228
93135
35041
64401
53196
48350
7373
99138
26379
42960
28925
83582
25898
915
19011
92692
2249
45863
74728
98806
88254
29390
52466
33379
43349
32610
10318
11766
58484
9698
82578
5848
21245
45108
1737
5328
65141
62264
76670
91357
3608
97136
39925
96387
13529
36631
41242
29984
92306
49041
58161
19631
97438
57353
56132
16383
93182
78904
95153
59070
75808
47692
98784
53401
39719
67687
64300
63194
24730
35398
83957
55034
96398
65928
96855
77981
28638
25275
88627
35675
1664
2911
31253
59158
23001
32990
15872
55204
20107
13808
38072
46304
11872
12509
14471
92682
33642
92582
40232
6507
58256
67610
96350
96541
34840
90030
99506
71589
80994
10763
66050
3482
2826
60500
88545
33705
55668
58256
57674
97470
85210
17328
50140
73015
7861
28877
42535
22214
25319
77970
61641
80142
88149
70302
38367
50793
83979
40277
72458
53334
54538
78489
81260
60682
68865
5162
19501
56180
12326
40944
24872
10948
61131
46595
54009
90520
72282
81023
57641
86858
56997
95711
88902
74081
79242
98128
80555
40363
43299
54622
61545
99563
50122
85666
50917
24468
32744
4735
11073
2218
92695
23491
1739
26205
92539
8403
56278
88781
89292
83596
29562
90534
29079
51114
55972
1144
91668
45976
26626
36016
61992
34076
70898
20975
52609
56770
33669
95596
89746
2639
73040
27745
32216
95306
1854
