950
10101111110001010 2 8
1004131 5 16
111201110 4 13
12011201 4 13
62230 9 7
10120333 4 12
10212100201 3 15
56231 10 9
23A07 13 10
99546 10 10
90809 10 6
3995 14 4
154323 6 6
65736 10 11
351C 16 13
10746 12 9
1522331 6 2
2110001201 3 3
84875 10 12
10010104 5 11
567 13 8
3240233 5 9
7E2 16 9
1412040 6 13
106863 9 12
C761 15 4
100001110100 2 11
32438 11 6
1A11 12 13
2032225 6 8
546534 7 8
172515 8 10
1546 16 14
44466 9 3
30060 7 3
551044 6 15
101021322 4 11
1001000111011101 2 9
10101201202 3 7
85308 10 13
1A037 15 14
32781 9 8
146221 9 14
16503 13 10
231504 6 13
14499 16 2
275 14 8
1788C 14 14
432435 6 16
31219 12 3
100010001101 2 8
10011100111110010 2 12
3330412 5 6
112132011 4 11
1533310 6 12
95137 10 6
240213 8 7
430350 6 9
3241233 5 8
100313221 4 5
33031202 4 13
26341 8 3
23002013 4 16
16DB5 16 7
40411 11 10
160640 8 6
10010210102 3 11
21137 10 9
164300 7 7
65536 9 16
241143 7 15
1120023 4 16
30918 12 12
3421332 5 2
CA4 15 6
225021 8 3
7B70 16 3
402410 7 16
1A548 14 16
32350 9 15
13768 14 15
1158 9 4
4736A 11 13
1A27 16 14
12A9B 13 11
274175 8 10
122A6 13 8
24904 11 6
98845 10 3
112201213 4 14
1A97A 14 9
111436 9 11
133830 9 13
E296 15 9
3012233 5 10
2490 12 3
A117 12 10
54234 11 10
1120133 4 15
400112 5 3
19B59 12 14
10002121021 3 2
66600 10 9
153316 9 7
242105 6 11
232613 8 9
63631 10 4
21756 14 8
130661 8 14
31AB 16 2
13F7A 16 11
176156 8 12
13231200 4 14
51088 11 12
10022201 5 13
11200111011 3 13
111450 8 15
67E7 15 10
A372 12 10
47036 10 7
7245 15 11
1A982 11 9
7F32 16 15
128C1 15 4
1121202100 3 7
BB13 15 13
90868 10 10
126104 9 8
18508 16 7
10100000110010101 2 13
36090 12 12
4401032 5 12
3301124 5 14
15F94 16 5
1D9A8 14 7
141812 9 6
1957A 14 4
110122222 3 10
2E8B 16 16
21230033 4 10
192A8 14 13
1011001220 3 10
170702 8 15
13837 14 14
115CB 16 13
12221212 4 7
87194 10 5
87484 9 5
61850 9 8
18606 11 13
112010230 4 15
49A50 11 13
350B2 13 4
3568 9 7
5277 10 15
31010 11 10
10101000110100110 2 7
8367 15 15
4D14 14 13
10022212122 3 15
65EC 15 11
51698 11 2
2FF3 16 9
32095 12 14
1254352 6 10
100203 7 8
1110101110100011 2 13
12464 16 12
5217 8 10
111020120 3 16
264654 8 3
1122200222 3 11
105B1 16 11
10100121011 3 9
8EAB 15 7
1000111010001110 2 6
31103301 4 3
76B2 15 4
16C7D 14 2
14994 10 6
40075 11 4
1001001111101101 2 6
21523 7 5
1600A 16 10
246024 7 7
15F52 16 4
9A61 15 7
2010121 4 7
217435 8 4
20A32 12 3
1101252 6 10
97C0 13 11
7093 13 15
4511A 11 6
110001111110010 2 3
21C1C 14 15
5A80 15 4
1303432 5 9
247BB 14 7
12212 4 12
7562 15 3
1120221012 3 7
183C0 16 7
54893 10 2
153731 8 7
1335 13 4
1505423 6 14
26A83 14 6
10210101101 3 13
29B06 13 10
10301301 4 8
234310 6 11
6EC7 16 3
121210201 3 2
584B 14 3
8826 16 11
113754 8 5
1011010000101011 2 3
21BB0 14 13
112223203 4 5
10342314 5 8
28084 11 12
11022220202 3 2
23311020 4 7
113503 7 9
29112 10 12
3443 10 4
10022210121 3 5
1131541 6 6
4233133 5 4
48B5B 12 7
1155A 12 8
62264 8 9
122062 7 6
1001010010010 2 12
133741 9 12
1D98A 14 11
51C2 15 12
67232 9 3
180D 15 13
145114 9 9
28045 12 13
9863 13 15
277524 8 2
1238A 11 10
1221320 6 9
10AD2 16 15
97D8 15 4
434124 6 2
115A5 11 3
10012122211 3 6
1111000000101100 2 14
23920 13 10
125624 7 11
11110011000001 2 8
17178 11 9
1B443 14 15
32BC 15 4
17B73 12 7
3301120 4 12
2011010021 3 3
1BBC 15 16
2314112 5 9
165604 8 6
1DA3 16 3
AC14 16 4
66287 11 11
52138 9 6
36439 10 14
5DD5 16 5
42329 11 15
274247 8 16
95663 10 8
4F1F 16 13
C26E 15 10
10141002 5 12
7411 14 16
200411 6 14
2421023 5 2
12208 10 2
161012 8 2
65934 11 13
10011101001101001 2 14
143778 9 10
2718 14 10
1354402 6 3
144750 8 8
10418 16 7
122702 9 3
179A3 11 3
433533 7 11
7D27 14 12
15506 13 15
5B49 15 15
33000311 4 12
2021012000 3 3
26794 13 16
215131 6 2
9298 10 5
116146 9 10
32598 11 10
27C01 14 4
D113 14 11
F54C 16 12
66178 11 14
1329A 14 14
16D5C 14 2
BF4B 16 8
504022 7 3
101100010010000 2 2
47364 10 5
10011100110001 2 6
42E4 15 11
3667 14 16
27273 13 16
11B82 16 3
26020 8 2
11011010100 2 12
10C07 16 16
509A 14 2
100211112 4 4
87C6 13 9
90245 10 15
1403105 6 8
104171 8 10
2035 15 15
101100122 3 7
64741 8 16
200152 6 5
232440 5 15
1450435 6 7
551341 7 6
541340 6 9
11010111110011 2 11
172E8 15 10
11001111001010 2 10
2202201211 3 7
474A7 11 4
33302210 4 11
11002300 4 5
259BC 13 4
10010010010111101 2 8
61704 11 9
18A09 15 15
141FB 16 13
461114 7 16
138F6 16 9
22230202 4 9
1333544 6 14
32477 10 13
110222222 4 2
25243 12 3
443342 5 12
9AC8 15 13
387B 13 4
B8CB 14 12
49365 12 13
10212012 5 8
101100100110011 2 3
1011110010111101 2 2
18BAC 14 13
28481 9 10
10100010010001110 2 15
12001012221 3 5
122211002 3 12
175EC 16 11
2496B 13 10
3121021 5 3
120201001 3 16
3341 15 11
3659 10 3
28745 13 16
102880 9 4
11244 9 8
B483 16 6
13191 10 12
121110120 3 3
105AB 15 11
12C54 16 5
66553 8 4
DDA8 15 4
143062 9 14
26620 11 6
264144 7 12
137384 9 5
885 11 3
60503 9 12
225352 7 13
65EA 15 8
1012431 6 7
19025 13 14
1323313 4 10
B110 14 4
15560 14 11
111763 8 13
52647 8 12
13743 15 3
1202110011 3 13
42233 9 9
1AB57 14 10
11003321 4 5
25830 10 9
2CA64 13 7
6563 16 7
17378 15 16
2808 14 12
214012 5 16
18532 14 6
110003200 4 10
243A6 12 6
112450 8 16
316244 7 16
172437 8 13
15600 15 16
1C21B 14 2
8D83 16 15
15E6B 15 7
1454125 6 9
100311 6 15
2969 10 3
45644 7 5
1114E 16 8
1A739 12 5
267317 8 7
48633 9 16
152B7 16 8
332332 4 12
51235 6 15
57937 11 8
23092 11 11
122512 6 2
10201222100 3 15
1222112202 3 4
137434 8 8
8A19 16 2
118863 9 9
27BC 14 12
33320221 4 5
15C04 16 16
53984 10 14
101130133 4 11
7496 15 5
444042 5 13
10341404 5 7
14310 14 12
110101030 4 16
27458 9 8
315503 7 3
110111110000101 2 14
3223 8 6
18659 13 14
32029 13 7
222466 7 4
543131 6 14
19861 10 5
32231332 4 13
14243 6 6
E383 15 12
2BB86 13 16
16791 12 16
11101211210 3 12
20609 12 4
1DA0B 14 2
2403003 5 12
45666 9 10
1220401 6 9
2B0AB 12 16
122267 9 13
26270 11 16
67043 8 15
91906 10 2
141457 9 11
512651 7 4
1574 11 10
17049 10 7
3100123 4 9
2211102021 3 4
4E1 15 13
37B5 15 11
4332230 5 4
5AA7 15 12
71077 10 6
1100100011100101 2 8
10233 10 13
63272 9 11
E1E 16 8
2014500 6 13
32020103 4 13
42390 10 3
2002212 4 12
90989 10 12
2762C 13 9
242550 7 15
411003 5 4
2035023 6 15
124524 9 15
2A131 11 13
30590 10 13
110100110111110 2 8
B333 15 4
5472 9 9
17100 8 10
1101101101001100 2 14
3003 10 15
10000000100011000 2 10
1053200 6 8
230124 6 9
148471 9 2
1132133 6 5
261027 8 10
3A80 13 3
1313410 5 12
9DDC 14 4
21100100 3 14
883E 16 3
24511 7 15
10102221102 3 11
1351104 6 8
32345 13 6
87458 10 9
B581 16 6
39656 12 16
121256 9 5
123726 8 12
411113 6 5
6909 16 14
13733 15 4
204461 8 12
F538 16 7
3114344 5 6
33314 8 14
176713 8 2
2222000121 3 2
225025 6 2
8994 14 14
55A72 11 16
E53E 16 6
11000212212 3 9
102230111 4 9
31590 11 2
2313033 5 5
45452 10 11
1875A 13 3
10516 12 5
100031013 4 8
11000001111101001 2 2
1132234 5 12
49636 11 6
1242222 5 15
105373 8 11
E2DC 16 7
C104 16 5
67028 11 6
12012102 3 2
3021230 5 10
3B83 15 5
36601 12 3
37935 10 16
7490 13 3
11101101001010 2 14
56839 10 2
11101211 3 16
38952 10 8
133343 7 7
6A27 11 2
35489 13 11
7A98 14 16
205355 6 11
10211112001 3 7
28335 10 6
20682 12 2
105066 8 8
170130 8 4
1C971 15 14
61675 9 12
11323332 4 7
21A19 12 5
194B 14 10
2170 9 7
357B 12 15
2331414 5 7
2023152 6 14
222021001 3 2
41253 12 15
195A1 11 14
1110110100111010 2 9
1245424 6 15
24B9B 14 5
1041002 6 15
7036 11 2
1111110100110011 2 16
1011011011100100 2 4
11212210101 3 12
6E9E 15 14
3341 7 15
325C 15 13
1C612 15 9
1001010110111010 2 12
110213121 4 15
65847 9 6
43314 12 16
2212121120 3 15
216734 8 2
131378 9 7
520635 7 9
F5A8 16 16
166152 8 2
208BC 14 10
7DC4 16 10
B601 14 2
1111000101111100 2 2
34623 9 15
1E61E 15 8
D488 14 14
C109 13 12
4411322 5 14
84852 10 13
5959 11 3
125652 8 15
3090B 13 13
46605 8 7
29C3 15 11
3D99 14 9
A462 15 11
8169 12 13
12341 14 15
10512 13 12
43518 12 11
162D5 14 12
264325 7 6
28154 10 14
312102 5 3
33354 10 11
101012032 4 15
165735 8 13
56022 10 10
60732 9 16
10010111000001011 2 12
13B79 15 8
72454 8 16
31184 10 8
1B02D 15 6
EB82 16 8
1474C 14 5
11999 14 12
10131 11 10
1302310 5 9
232153 7 7
550E 15 10
1CA94 14 4
22130220 4 3
304033 5 5
2050210 6 10
100424 8 6
63BD 14 16
3735A 11 8
17648 11 15
3158 11 15
1111000111000110 2 11
51702 11 15
70943 10 11
DBD8 16 8
1223000 5 14
1450345 6 16
10201112021 3 7
223562 7 16
122724 9 3
393 16 15
192B1 13 14
10301421 5 12
120111110 4 11
10010100111000110 2 5
105DA 16 6
762 16 3
32BA1 13 6
215CC 13 12
2101012121 3 9
1A212 15 9
41626 12 3
1C351 15 12
40573 11 14
170B2 15 6
55340 11 4
27654 9 8
1893A 13 7
316B3 12 11
1BB4D 14 7
402342 7 5
E4DD 16 10
160188 9 9
10501 11 12
11122122121 3 8
333141 5 5
10100112102 3 5
23408 9 4
18109 10 2
23002201 4 6
113256 7 2
16024 10 14
44023 6 9
1411501 6 14
4031 10 4
17077 14 15
130112 5 10
31559 13 12
24539 13 9
13CB6 15 4
1044340 5 8
740A 16 15
134247 8 16
1000012001 3 6
1AA 16 12
A779 12 16
1033242 6 7
6A59 16 2
240314 5 10
11000301 5 9
898D 15 10
1315022 6 16
232521 8 16
15237 10 5
26E6 15 3
4020314 5 7
22B19 12 4
366300 7 15
E05D 15 13
1995 13 11
3585 9 15
5163 11 6
10201200110 3 10
10100011000101101 2 12
440306 7 12
2A9A 13 16
BB72 16 5
33DD 16 16
1778 9 6
158624 9 5
2102444 5 10
2116 7 10
9D0C 15 7
2270A 13 8
33030313 4 4
1111100001100010 2 10
46464 8 3
46471 12 13
2000022212 3 6
32887 12 13
144071 9 4
12851 16 2
C278 14 14
93129 10 8
1104113 5 15
204030 6 6
3400134 5 14
5107 8 7
1111011001101111 2 4
31185 12 14
273477 8 12
BDFC 16 15
113210211 4 11
1211344 5 3
222073 8 15
B690 15 6
13023103 4 14
27186 14 14
440052 6 9
216007 8 9
52247 11 13
57FB 16 15
2E03 16 8
2020220010 3 5
17411 14 16
1011100010011001 2 11
362E 15 4
424420 5 6
211215 8 6
C4B 15 14
113110133 4 7
1963 14 10
50065 9 8
113EA 16 9
1908 13 6
315225 7 2
6AC1 13 10
91887 10 5
22456 14 7
167334 8 15
312320 6 11
263450 8 9
105070 9 14
1022201211 3 3
5E15 15 13
95975 10 2
570C 13 7
44A67 12 15
120167 8 5
38182 12 3
8B0D 16 12
3404113 5 2
333405 6 3
1273B 13 8
506133 7 14
116B9 12 15
452510 7 14
103102230 4 6
23133203 4 2
14015 12 16
338A9 11 4
40113 11 7
200432 8 6
1020212012 3 3
224022 8 16
883 11 2
11000000110010101 2 3
15032 9 5
42977 10 13
9435 14 16
3375 14 11
27643 14 3
11702 15 16
27542 11 6
33A82 11 6
44B53 12 14
10000100001011110 2 2
10100110100010011 2 13
66249 10 10
313B8 12 12
10101101000111011 2 13
80654 10 16
7E9E 16 16
16844 14 11
4113040 5 11
44561 10 15
113003330 4 3
1154450 6 15
1450550 6 16
104435 8 12
73434 9 10
35234 13 5
2707 8 2
3379 11 2
161651 7 5
D6CB 14 8
1A244 15 10
344320 7 6
157320 8 5
1D172 14 15
1213132 6 2
22592 13 3
54991 11 6
3086 9 12
420401 6 8
21A31 14 11
218A4 12 4
1211011120 3 3
13093 15 16
10110110010011110 2 11
28188 11 12
48074 9 10
12235 9 4
103020200 4 8
4273A 12 7
9B05 13 3
122215 9 14
2474A 11 3
104562 9 15
121203 8 12
214226 8 6
1110011111100101 2 4
313402 6 10
103236 9 2
12325 9 11
45914 12 12
3D87 16 3
73845 10 3
143166 8 7
10112121001 3 11
21133 11 7
120121133 4 9
102331322 4 8
1170A 13 16
28A05 11 11
30647 12 2
100245 8 6
350154 6 11
96391 10 15
1505141 6 6
32002230 4 7
113133330 4 12
52550 6 4
1220D 15 3
17188 16 15
71C9 16 5
10962 14 9
102202023 4 7
28464 10 14
40537 10 14
53560 8 10
103143 8 12
23722 14 12
102110031 4 5
1679D 15 2
545540 6 13
67855 9 16
264B7 14 3
1223052 6 3
56530 9 7
2400 14 8
46279 12 12
39533 11 16
26689 13 2
32216 11 12
98394 10 11
2123331 5 16
51148 10 6
336551 7 8
1454330 6 16
15581 14 16
353151 6 14
2034342 5 14
177C2 14 3
11000001101100001 2 2
335224 6 4
103112000 4 16
1042030 6 13
172702 8 7
B383 15 7
11012020220 3 13
542220 7 9
11104103 5 6
59C0 14 9
171353 8 2
100200203 4 8
1321222 5 7
1122011101 3 16
213500 7 7
47515 11 4
10243403 5 8
C49 14 14
413113 5 6
221500 7 8
23405 8 14
454261 7 14
42300 7 7
15243 7 6
65644 9 9
16720 15 9
2B731 12 3
27438 12 8
112200023 4 6
