950
31091
216
89122
29781
74377
37044
4426
55533
9276
33691
26473
23431
40828
24823
23724
38432
62263
39250
2717
31993
82014
74850
21944
91881
53088
9318
80462
4504
23382
20828
57396
17814
37048
88831
39668
2170
44502
34492
10952
23671
21208
78062
28857
98924
87644
95741
56074
82389
1808
87028
15498
33078
5583
31908
29512
34523
33335
93426
12591
13595
10485
58675
47830
63492
33964
81144
54730
14946
60275
39903
81829
64352
47982
43983
33251
1870
91634
89985
11646
70384
88250
60178
52330
13863
99126
45251
16486
95541
61643
40648
12532
1278
77719
89636
51712
35120
58174
34529
59664
73577
78269
28818
9749
46316
43589
54909
75618
95494
29933
97874
15257
6351
51635
10940
75001
29717
11170
72719
10547
6417
91864
74819
19863
69222
23497
58418
53265
80512
92600
71192
95338
11412
92076
95310
55196
96004
18603
40587
71308
12717
80743
82008
23829
32533
14673
30310
53413
78413
59329
44228
98217
12954
6100
80179
59238
66790
27393
38904
32391
71929
14241
62168
12518
91422
12204
66010
32789
72563
86162
15581
21677
58027
46477
53639
60820
70002
37239
41768
18730
42544
98707
31082
35703
34329
99881
81574
77314
381
43251
23688
43177
31510
51440
97840
80216
44080
4413
67251
23636
92946
92036
58959
51869
41072
35046
54439
93874
67761
79437
59278
16915
23862
64719
8465
73449
77011
94881
56237
33707
77717
95115
65462
74492
15845
14892
28489
65231
87088
32507
70570
40484
29460
7475
6106
67848
61849
99880
42944
81456
23786
22413
5971
71538
15954
84019
90290
89762
57953
45332
82310
96794
80132
35068
77696
46003
60501
7550
78127
21733
48641
36928
1306
98006
85401
34524
85680
77925
96826
52170
87667
36397
79122
91268
4829
51630
9606
16136
99243
10202
92676
94036
2686
6754
34383
61894
83722
72356
25128
69937
23611
16130
19194
95803
64923
63113
31144
47478
10061
6609
84979
95735
81686
94261
49709
70013
90096
38601
80673
40091
87433
94997
13929
6594
23756
66897
94570
4645
73438
66827
53665
22107
92291
74627
97100
52800
56587
96009
29688
3896
37996
47515
65852
82249
80328
3808
80541
47972
20319
76745
15590
13792
84903
79243
88931
36422
65699
83165
48112
22661
81479
59890
46523
23668
92770
87287
96712
2299
83355
53903
26601
17818
40311
20808
35804
47906
35371
72432
63968
65343
57931
86131
84576
94262
81847
83984
74563
52204
44933
86844
94802
72957
30251
13479
87269
58633
54634
95077
53471
86240
66075
9743
52703
85413
61938
55573
98531
92944
46625
21668
17952
36786
76652
32177
94156
24788
80707
6989
42318
36497
75724
32806
51677
74170
50592
97309
31117
78207
17028
27866
19866
92933
38197
75061
5197
33250
48194
18975
68494
28327
71482
40062
41154
90760
10259
43995
59791
13368
71149
74859
57978
88297
2769
47152
9010
95414
93801
74466
16078
85600
73142
22996
67443
20892
87106
30059
7673
44302
2472
33719
82762
64816
14146
42161
1443
96748
90197
11655
74824
22846
79601
93137
13363
24656
88282
72807
87677
82261
14266
67604
29346
29923
53157
73090
83699
23984
11953
79370
85797
49519
5383
21141
78476
29557
93621
56000
25073
13412
19878
62263
48833
32253
22417
55572
11395
20271
43303
77075
84450
70317
21180
91961
88735
17570
72061
43605
19659
76611
17459
27413
20581
26671
88032
95840
24628
10987
3355
9968
32005
35050
29980
66100
84595
35758
23611
91561
47631
5509
66758
95181
21178
50260
80203
32269
57655
72451
68730
33951
64417
5763
34482
62148
47786
26241
71472
56238
26524
27437
16220
66835
65679
99224
23895
28035
9734
40297
41481
90010
23284
33767
50116
27757
89441
80867
24463
23701
58178
1838
25043
22968
37127
64046
91511
53997
89625
70990
17545
75318
60802
99561
90187
93077
5531
13539
8669
28770
87696
2347
62661
74786
87595
27823
79542
64993
74265
8755
89546
94376
61872
37280
56070
66658
83049
83488
31888
43953
98868
5086
73215
36576
60175
32044
64722
35578
29916
36712
89855
82863
59057
1994
64363
6354
82793
48924
43934
23955
27583
91006
66784
46443
64960
33150
49751
85044
68725
19820
15779
28298
89060
94730
81788
51902
69072
6027
84733
8099
3870
83244
49428
36800
36544
72079
62157
49648
85513
60926
50509
93410
49032
73750
37954
84301
40113
86289
31863
68334
62103
46736
83009
94219
23826
59072
91557
64326
48388
97677
8313
11676
48033
34934
34112
58774
52543
14192
51511
47114
12959
15540
98360
28562
32811
63065
88596
24757
7677
83675
21863
4473
13802
23006
37476
99793
59068
48366
87480
50265
68344
58549
85501
67216
36024
36886
50678
48215
17524
20598
47134
44775
64963
63615
10126
52614
9410
99429
153
46020
44450
83619
99612
76452
88298
65884
24881
17384
47540
69362
86959
49241
79481
59703
44289
77698
42351
86456
99953
97732
31627
40733
87383
13788
91578
24359
31903
83236
58770
80935
50714
67893
33799
69238
66935
36
89472
65908
4264
70425
63717
23352
54060
39110
94744
75465
15784
83699
73857
62491
7745
75758
57501
53116
64293
47461
1233
43896
24109
9926
95620
37924
26746
53668
92060
98592
99918
56526
35473
21781
70417
90034
53086
86892
42383
88016
7482
64882
99119
78742
15024
46257
64307
54357
50070
10851
16262
57022
24077
93422
86397
30683
51903
21808
86238
60696
35997
10537
25512
776
85203
3812
82856
45407
26672
85033
48261
37596
63363
84791
91099
63111
95185
75306
33395
26211
87744
12669
55659
52067
70631
61047
55849
11555
7989
39499
75184
92662
48467
63276
61486
90740
16131
1676
19936
35100
66126
43916
55089
92547
73012
18999
90141
82956
39141
14999
59109
2078
4100
17563
56047
28631
13493
81927
45827
68287
48838
93059
62937
50621
42827
61594
67995
10687
89750
14680
57114
27535
63064
83159
2274
64035
69247
95260
37431
16444
39827
39924
4377
85313
46343
9315
5051
25619
40865
68147
86159
59710
20049
85923
62796
97993
24473
5654
73038
68979
12147
44666
91817
30311
20639
79667
63244
96541
66049
48772
52549
67077
18263
6787
8052
21112
95505
97556
60129
