20
705000024
903000705
600000080
000030806
090571000
030068500
007080069
208000107
050006048
000900005
059400130
672050080
300000002
090605014
204190570
000200067
006007251
020500040
395700108
120800654
046512973
071685000
630004581
084321006
263159847
019038005
458207319
000470500
070802690
460000000
310040860
050001300
600900175
030065900
000704006
080010007
407903861
315786240
890002750
030290085
200865300
650137492
102048930
500329000
980671520
100007938
302418500
500369040
920003400
040102300
780005100
057834019
419026000
800591700
040005798
783016005
095748103
368520914
150364800
427109036
576490381
914873602
030650479
390517042
402930501
506400973
050640038
003700194
920100750
000000400
207305800
165804007
020010579
096402030
081359006
005200194
000084325
300090080
018547960
900036400
034921750
050000040
490050163
300000790
020000680
001840539
000090004
003200056
016079000
200605000
400500600
000009004
096000150
973006045
024050913
018403207
849600071
160005009
307080020
010320468
652780391
384106572
567031209
020950613
000642857
000460925
206570180
845010736
003009700
209870034
708354019
006090003
135700496
004630000
302500640
547003000
601007020
908070230
000010409
260039500
027968140
190300682
605240397
009000720
876020904
002796850
027001630
530409712
006000000
000045000
050690000
874002900
245180390
300000407
060030020
370108509
605079800
010005007
083006900
700493186
906812003
490507028
060930070
507080691
016040050
073000861
205100003
000500720
002867100
708003000
600701000
050600310
030080070
900520006
386904150
500000009
009600213
203407008
658000490
890743600
060285934
000100000
000000408
080600310
004017290
805042030
970100000
003765020
090006001
006070942
450201600
780649020
914350607
520801943
302468791
060000534
471593268
200030810
107986352
600125400
