768425193
395168724
412973856
143256978
279834615
586719342
654391287
821647539
937582461
842673915
539182674
617954238
321897456
764215893
958346127
183769542
476521389
295438761
584127639
962583471
371469258
798234516
625871943
413695782
247316895
839752164
156948327
879546321
412893675
563217849
956431287
128765934
347982516
694378152
231654798
785129463
192874356
863591724
475632198
914785263
627319485
358426971
241968537
789153642
536247819
561734928
347289561
289651473
632975184
875143692
194826735
416398257
923517846
758462319
658742193
174893625
329651487
731285946
495167832
862934571
587319264
246578319
913426758
756932814
189456723
342187596
813264957
527398641
964715238
671523489
435879162
298641375
815479362
967532841
423618597
541863729
692157438
738924156
359786214
184295673
276341985
469813725
723945816
815267349
236594187
947381652
581726493
658432971
192678534
374159268
178369524
539724681
426581937
917458362
652193748
843672195
385947216
794216853
261835479
489263571
216785394
375914862
142539786
938647215
567821943
724158639
691372458
853496127
149762358
853149627
267583194
798625431
615834972
432917586
921458763
586371249
374296815
478961532
691325784
532874196
187532649
954786321
326149857
713298465
849657213
265413978
729165834
385974162
461382597
273519648
658743921
914628753
836457219
597231486
142896375
652879314
917234568
834156297
749382156
381645729
265917483
478561932
126493875
593728641
526817934
481293765
379465128
293758416
718624359
654139287
867341592
145982673
932576841
735196248
162478359
984532176
478263591
213859467
596741823
621985734
849327615
357614982
918567324
674123598
235489617
143675289
786932451
529841736
461358972
852796143
397214865
958132476
263574819
174896352
721489563
385267941
496351728
817643295
639725184
542918637
