950
59098
76499
16326
63380
42048
41487
27331
60981
39549
99466
4753
90105
92305
93406
13172
68440
94077
44425
69985
5822
62826
93262
56204
75353
85915
60108
9531
56000
12084
45242
26343
19941
31876
12903
89522
5739
23682
56422
69638
58652
54306
48531
32495
4590
14598
66248
67285
10746
48583
23557
58478
78933
38466
72539
37643
60546
10320
92257
9279
36926
96613
64307
19619
69307
24864
61316
39371
50258
12921
90282
53620
82828
30322
62724
85672
25203
90639
13217
34089
44247
59597
35646
33386
28107
48956
11391
81087
35020
43502
29111
96705
50098
86749
80354
74212
72374
45437
37108
78761
24310
10639
34686
53328
58039
48867
90624
95012
65868
36184
81665
72559
27305
14208
85815
84810
65632
8994
86123
95061
16519
35661
65255
72513
95514
97547
38741
18863
93028
37267
10818
83731
51375
37829
26342
255
96494
59420
30077
79025
82036
98566
9473
82769
14829
46199
64971
94929
30299
27852
25683
9
57614
34371
44729
87637
45335
38212
33518
82233
44047
18935
46472
77429
83216
65697
93411
91589
14921
31385
57592
25834
92721
25386
9901
18609
44825
4902
48257
87709
91762
34196
93331
15871
88589
81319
61179
88925
70404
27545
84142
92739
76253
97675
63081
41027
26675
65444
43011
8822
69547
76632
52782
75877
22432
29232
53652
49335
23292
21050
81578
55547
61839
87230
30041
53444
55346
72995
70330
95409
60267
80767
81491
33921
36046
8047
15613
16831
74356
83241
35082
51104
22878
77634
5009
30188
70978
41528
56631
97792
30761
27013
81038
86510
55241
402
34401
12343
70120
75116
90336
87021
8166
33214
15549
41071
13859
87053
73039
20310
63821
8873
7678
76597
24974
99204
44558
73416
89004
21215
85986
8390
45227
68189
33777
34804
66942
32449
75989
45418
84128
32547
68602
7591
38628
7717
15298
87595
19524
30558
3615
55184
53539
32833
77993
6460
96208
73482
21932
20228
17535
88078
15206
73872
67443
12767
25437
93723
12893
5757
50996
82677
27981
66137
62187
53261
4055
40126
74545
35922
98326
40853
26233
51480
7729
42615
49816
99544
65772
43459
73211
66577
97010
83898
62918
23051
65309
68819
97139
65154
19136
83589
68851
44810
76094
36748
173
72184
52683
79119
18762
28330
26723
26758
24516
98041
88026
85488
80543
73359
98796
85611
40785
17817
68203
45274
95458
97203
92046
90211
93439
36744
11454
42417
19717
68402
78151
99814
43112
59175
67502
19474
48504
53976
48363
74007
16293
74795
28304
76898
30448
98152
71007
59062
7510
77444
10493
11382
4621
72912
87708
29930
12685
71489
79337
57167
12292
53087
14768
2723
48998
56108
46487
37812
73393
98446
51985
85189
26729
41592
76158
41466
93241
40373
31152
13062
63358
90687
24494
60979
48001
92480
39136
41245
97342
22665
26099
7532
21920
6381
93561
71427
95293
94131
80614
27325
1893
1310
50924
1210
71857
86437
90505
99372
42039
46390
7337
88816
2880
965
43108
96872
84177
23738
94087
26765
81169
12839
26668
24106
87847
32583
12027
93323
99248
95983
11160
74548
76586
43930
31624
17013
49912
92172
75101
24092
72857
40708
91434
32765
63987
24965
72040
63713
89591
4479
80682
16850
12295
47207
39058
48381
82068
18993
84939
71161
79139
10878
85468
32755
22903
40802
74
63776
55089
77533
3654
52679
7667
15769
86515
48317
16383
93455
30660
28310
47332
54163
56432
22247
24927
65660
13624
28065
27992
6547
8054
99668
74899
28072
9743
62654
79535
81061
86621
86141
37324
88002
37312
82134
56002
33178
39236
59572
95751
93616
21547
83813
41849
48400
83923
16193
83543
29150
44577
39143
46424
13985
88436
44373
84760
97794
79276
36667
48932
44598
38717
9083
9933
20328
56366
97597
41758
74772
59216
78445
74671
16319
97584
22679
49539
99712
2398
32894
52262
11900
96230
42170
3555
46188
39418
78414
45345
7917
74834
43819
80774
88408
67871
15910
13230
51971
51393
21968
36973
76425
74696
57379
73422
22669
20606
27805
63463
94051
9515
58227
58105
89948
16537
58881
84570
49217
53950
45608
20220
42638
57303
60432
48688
90962
53927
9972
88349
84742
4896
12587
13795
70237
24153
11403
39969
61264
51645
78888
22973
97980
36527
17333
64936
397
80478
43780
57513
89953
55845
3110
9004
99923
84538
54925
37321
95561
8125
70706
79583
18252
47801
29791
22484
59853
72959
70295
19205
14539
77174
73478
72102
42845
55894
55914
26983
87035
30233
54365
96216
79652
3005
55702
86631
22577
27654
20297
16771
42715
7464
39708
8368
60132
96523
40667
32591
29803
39865
10763
19765
15463
30736
21375
79096
70477
95961
48260
8713
60331
68580
99552
86317
22422
74762
65148
80386
24114
34487
64023
3389
39290
2022
90614
92494
91239
14026
68513
89271
56386
73931
76849
357
98418
57161
2025
53663
56084
32795
65027
63117
19192
81086
56091
62173
35039
40022
21349
13090
41531
72979
63838
35020
64973
80566
57789
51045
92335
94154
34716
8406
13308
69734
10737
33717
4691
89913
61892
36116
95581
72038
94444
72806
67098
59379
15097
14104
40874
9173
39045
14880
30529
20446
32948
10954
19280
30174
66235
21236
11237
81401
91029
33694
87319
38871
67755
17212
20907
21193
92082
68756
61321
85530
87467
11266
35935
98354
80062
9341
46382
26002
27289
28354
60318
16099
59739
96456
27956
82006
60624
34008
9630
33614
29275
33770
28576
44770
23801
46990
42296
37503
97375
20527
94662
52435
22322
81218
70975
37303
69123
41716
81543
6198
35410
44303
42062
50540
82914
14669
72238
1306
49904
2483
12094
17240
39775
40754
2103
70723
6574
93059
60956
74175
5636
41200
51321
76955
22827
4446
56623
55026
92917
26352
2199
2127
29031
71225
40537
54652
42650
63919
29461
85414
63883
50743
35630
27901
98708
9366
56412
97790
41361
21065
87076
62045
11809
89039
44037
84559
80933
99492
76149
38733
67792
65937
50069
47201
50788
95687
62944
57558
2160
12985
10935
7360
74286
26136
52128
73153
27149
41380
3220
83932
51501
23735
92383
276
22147
99138
70573
60048
29422
96418
57257
77666
61153
3624
